TEXTURES 1
computer_keyboard_mouse.bmp
VERTICES 66
	24.9662	-24.9578	36.9706
	24.9662	-49.1367	36.9706
	35.3364	-24.9578	36.9706
	35.3364	-49.1367	36.9706
	24.9662	-24.9578	38.3050
	24.9662	-49.1367	38.3050
	35.3364	-24.9578	40.0282
	35.3364	-49.1367	40.0282
	25.6570	-26.0888	38.0934
	25.6570	-39.6990	38.0934
	32.4881	-26.0888	38.8987
	32.4881	-39.6990	38.8987
	25.6570	-26.0888	39.0018
	25.6570	-39.6990	39.0018
	32.4881	-26.0888	40.0389
	32.4881	-39.6990	40.0389
	25.6570	-44.0125	38.0934
	25.6570	-47.9394	38.0934
	32.4881	-44.0125	39.0244
	32.4881	-47.9394	39.0244
	25.6570	-44.0125	39.0018
	25.6570	-47.9394	39.0018
	32.4881	-44.0125	40.0389
	32.4881	-47.9394	40.0389
	33.3543	-26.1966	39.1726
	33.3543	-48.0325	39.1726
	34.8254	-26.1966	39.5763
	34.8254	-48.0325	39.5763
	33.3543	-26.1966	40.2006
	33.3543	-48.0325	40.2006
	34.8254	-26.1966	40.5116
	34.8254	-48.0325	40.5116
	25.6570	-40.6342	38.0934
	25.6570	-43.4181	38.0934
	32.4881	-40.6342	39.0244
	32.4881	-43.4181	39.0244
	25.6570	-40.6342	39.0018
	25.6570	-43.4181	39.0018
	32.4881	-40.6342	40.0389
	32.4881	-43.4181	40.0389
	28.6314	-40.6342	38.5848
	28.6314	-43.4181	38.5848
	28.6403	-43.4181	39.4975
	28.6403	-40.6342	39.4975
	29.9564	-40.6342	38.5848
	29.9564	-43.4181	38.5848
	29.9474	-43.4181	39.7147
	29.9474	-40.6342	39.7147
	28.6707	-50.9464	37.0863
	28.6707	-54.1528	37.0863
	32.8321	-50.9464	37.0863
	32.8321	-54.1528	37.0863
	28.6707	-50.9464	38.2065
	28.6707	-54.1528	38.2065
	32.8321	-50.9464	38.2065
	32.8321	-54.1528	38.2065
	33.2094	-52.5496	37.0863
	28.0350	-52.5496	37.0863
	28.0350	-52.5496	38.6753
	33.2094	-52.5496	38.6753
	30.7226	-50.9464	38.2065
	30.5333	-52.5496	38.6753
	30.7226	-54.1528	38.2065
	30.7226	-54.1528	37.0863
	30.5333	-52.5496	37.0863
	30.7226	-50.9464	37.0863
INDICES 94
0 2 3
3 1 0
4 5 7
7 6 4
0 1 5
5 4 0
1 3 7
7 5 1
3 2 6
6 7 3
2 0 4
4 6 2
12 13 15
15 14 12
8 9 13
13 12 8
9 11 15
15 13 9
11 10 14
14 15 11
10 8 12
12 14 10
20 21 23
23 22 20
16 17 21
21 20 16
17 19 23
23 21 17
19 18 22
22 23 19
18 16 20
20 22 18
28 29 31
31 30 28
24 25 29
29 28 24
25 27 31
31 29 25
27 26 30
30 31 27
26 24 28
28 30 26
37 42 43
43 36 37
32 33 37
37 36 32
41 42 37
37 33 41
35 34 38
38 39 35
34 44 47
47 38 34
39 38 47
47 46 39
35 39 46
46 45 35
40 32 36
36 43 40
46 47 44
44 45 46
41 40 43
43 42 41
48 65 64
64 57 48
52 58 61
61 60 52
57 58 52
52 48 57
63 62 53
53 49 63
56 59 55
55 51 56
65 60 54
54 50 65
51 63 64
64 56 51
53 62 61
61 58 53
49 53 58
58 57 49
50 54 59
59 56 50
50 56 64
64 65 50
61 59 54
54 60 61
51 55 62
62 63 51
48 52 60
60 65 48
49 57 64
64 63 49
55 59 61
61 62 55
TEXCOORDS 106
	0.0850	0.6734	0.0000
	0.0850	0.9770	0.0000
	0.6391	0.9045	0.0000
	0.5776	0.6734	0.0000
	0.0850	0.7005	0.0000
	0.5776	0.7005	0.0000
	0.5776	0.9147	0.0000
	0.0850	0.9147	0.0000
	0.4136	0.0421	0.0000
	0.9329	0.0522	0.0000
	0.9278	0.3159	0.0000
	0.4085	0.3058	0.0000
	0.4142	0.0075	0.0000
	0.9336	0.0175	0.0000
	0.9710	0.3102	0.0000
	0.4076	0.3493	0.0000
	0.7453	0.6644	0.0000
	0.8983	0.6644	0.0000
	0.8983	0.9332	0.0000
	0.7453	0.9332	0.0000
	0.7453	0.6323	0.0000
	0.8983	0.6323	0.0000
	0.9351	0.9332	0.0000
	0.7453	0.9764	0.0000
	0.4137	0.3950	0.0000
	0.9628	0.3950	0.0000
	0.9628	0.4328	0.0000
	0.4137	0.4328	0.0000
	0.4137	0.3691	0.0000
	0.9628	0.3691	0.0000
	0.9858	0.4279	0.0000
	0.4137	0.4563	0.0000
	0.0558	0.4686	0.0000
	0.1775	0.4703	0.0000
	0.1756	0.6024	0.0000
	0.0540	0.6007	0.0000
	0.0564	0.4289	0.0000
	0.1780	0.4306	0.0000
	0.2150	0.5961	0.0000
	0.3930	0.6556	0.0000
	0.2689	0.6508	0.0000
	0.2707	0.6055	0.0000
	0.3948	0.6103	0.0000
	0.2253	0.4835	0.0000
	0.2751	0.4914	0.0000
	0.3992	0.4962	0.0000
	0.4495	0.4921	0.0000
	0.0148	0.5932	0.0000
	0.6698	0.5946	0.0000
	0.6698	0.4831	0.0000
	0.9298	0.4831	0.0000
	0.9298	0.5946	0.0000
	0.0582	0.6961	0.0000
	0.0236	0.9045	0.0000
	0.5776	0.9770	0.0000
	0.6044	0.6961	0.0000
	0.3794	0.0363	0.0000
	0.9673	0.0477	0.0000
	0.9270	0.3594	0.0000
	0.3656	0.2984	0.0000
	0.7080	0.6644	0.0000
	0.9351	0.6644	0.0000
	0.8983	0.9764	0.0000
	0.7080	0.9332	0.0000
	0.3884	0.3896	0.0000
	0.9881	0.3896	0.0000
	0.9628	0.4563	0.0000
	0.3907	0.4279	0.0000
	0.0168	0.4615	0.0000
	0.2167	0.4644	0.0000
	0.1750	0.6423	0.0000
	0.4399	0.6063	0.0000
	0.2261	0.5981	0.0000
	0.2771	0.4410	0.0000
	0.4012	0.4458	0.0000
	0.0534	0.6406	0.0000
	0.1102	0.0972	0.0000
	0.1666	0.0980	0.0000
	0.5637	0.5619	0.0000
	0.1659	0.1693	0.0000
	0.1038	0.1756	0.0000
	0.0957	0.0233	0.0000
	0.1595	0.0107	0.0000
	0.3002	0.0930	0.0000
	0.3051	0.1741	0.0000
	0.2281	0.1759	0.0000
	0.2214	0.0978	0.0000
	0.2388	0.3399	0.0000
	0.1717	0.3512	0.0000
	0.1653	0.2526	0.0000
	0.2251	0.2588	0.0000
	0.0272	0.2587	0.0000
	0.0267	0.1741	0.0000
	0.1071	0.2582	0.0000
	0.6211	0.4952	0.0000
	0.6211	0.5687	0.0000
	0.5637	0.4724	0.0000
	0.5062	0.4952	0.0000
	0.5062	0.5687	0.0000
	0.5062	0.6443	0.0000
	0.5637	0.6578	0.0000
	0.6211	0.6443	0.0000
	0.0312	0.0928	0.0000
	0.2232	0.0190	0.0000
	0.3051	0.2588	0.0000
	0.1052	0.3436	0.0000
TEXTURE_FACES 94
	48	49	50
	50	51	48
	4	5	6
	6	7	4
	0	3	5
	5	4	0
	55	2	6
	6	5	55
	54	1	7
	7	6	54
	53	52	4
	4	7	53
	8	9	10
	10	11	8
	12	13	9
	9	8	12
	57	14	10
	10	9	57
	58	15	11
	11	10	58
	59	56	8
	8	11	59
	16	17	18
	18	19	16
	20	21	17
	17	16	20
	61	22	18
	18	17	61
	62	23	19
	19	18	62
	63	60	16
	16	19	63
	24	25	26
	26	27	24
	28	29	25
	25	24	28
	65	30	26
	26	25	65
	66	31	27
	27	26	66
	67	64	24
	24	27	67
	33	34	35
	35	32	33
	36	37	33
	33	32	36
	38	34	33
	33	69	38
	39	40	41
	41	42	39
	72	43	44
	44	41	72
	42	41	44
	44	45	42
	71	42	45
	45	46	71
	47	68	32
	32	35	47
	45	44	73
	73	74	45
	70	75	35
	35	34	70
	94	95	78
	78	96	94
	76	77	79
	79	80	76
	82	77	76
	76	81	82
	84	85	86
	86	83	84
	88	89	90
	90	87	88
	92	80	93
	93	91	92
	99	98	78
	78	100	99
	86	85	79
	79	77	86
	103	86	77
	77	82	103
	105	93	89
	89	88	105
	101	100	78
	78	95	101
	79	89	93
	93	80	79
	104	90	85
	85	84	104
	102	76	80
	80	92	102
	97	96	78
	78	98	97
	90	89	79
	79	85	90
NORMALS 94
	0.0000	0.0000	-1.0000
	0.0000	0.0000	-1.0000
	0.0000	-0.1639	0.9865
	0.0000	-0.1639	0.9865
	0.0000	-1.0000	0.0000
	0.0000	-1.0000	0.0000
	1.0000	0.0000	-0.0000
	1.0000	-0.0000	0.0000
	0.0000	1.0000	0.0000
	0.0000	1.0000	0.0000
	-1.0000	0.0000	0.0000
	-1.0000	0.0000	-0.0000
	0.0000	-0.1501	0.9887
	0.0000	-0.1501	0.9887
	0.0000	-1.0000	0.0000
	0.0000	-1.0000	0.0000
	1.0000	-0.0000	0.0000
	1.0000	-0.0000	0.0000
	0.0000	1.0000	0.0000
	0.0000	1.0000	0.0000
	-1.0000	-0.0000	0.0000
	-1.0000	-0.0000	0.0000
	0.0000	-0.1501	0.9887
	0.0000	-0.1501	0.9887
	0.0000	-1.0000	0.0000
	0.0000	-1.0000	0.0000
	1.0000	0.0000	-0.0000
	1.0000	-0.0000	0.0000
	0.0000	1.0000	0.0000
	0.0000	1.0000	0.0000
	-1.0000	0.0000	0.0000
	-1.0000	0.0000	-0.0000
	0.0000	-0.2068	0.9784
	0.0000	-0.2068	0.9784
	0.0000	-1.0000	0.0000
	0.0000	-1.0000	0.0000
	1.0000	0.0000	-0.0000
	1.0000	-0.0000	0.0000
	0.0000	1.0000	0.0000
	0.0000	1.0000	0.0000
	-1.0000	0.0000	0.0000
	-1.0000	0.0000	-0.0000
	-0.0000	-0.1639	0.9865
	0.0000	-0.1639	0.9865
	0.0000	-1.0000	0.0000
	0.0000	-1.0000	0.0000
	1.0000	-0.0000	0.0000
	1.0000	-0.0000	0.0000
	0.0000	1.0000	0.0000
	0.0000	1.0000	0.0000
	-1.0000	0.0000	0.0000
	-1.0000	0.0000	-0.0000
	0.0000	-0.1266	0.9920
	-0.0000	-0.1266	0.9920
	1.0000	-0.0000	0.0000
	1.0000	-0.0000	0.0000
	-1.0000	0.0000	0.0000
	-1.0000	0.0000	0.0000
	0.0000	-1.0000	-0.0079
	-0.0000	-1.0000	-0.0079
	0.0000	1.0000	-0.0098
	-0.0000	1.0000	-0.0098
	0.0000	0.0000	-1.0000
	0.0000	0.0000	-1.0000
	-0.2807	0.0000	0.9598
	-0.2807	0.0000	0.9598
	-0.3686	-0.9296	-0.0000
	-0.3686	-0.9296	0.0000
	1.0000	0.0000	0.0000
	1.0000	0.0000	0.0000
	0.2291	0.9734	0.0000
	0.2291	0.9734	-0.0000
	-1.0000	0.0000	0.0000
	-1.0000	0.0000	0.0000
	-0.0000	0.0000	-1.0000
	0.0000	0.0000	-1.0000
	0.2807	0.0000	0.9598
	0.2807	-0.0000	0.9598
	0.3686	-0.9296	0.0000
	0.3686	-0.9296	0.0000
	-0.2291	0.9734	0.0000
	-0.2291	0.9734	0.0000
	0.0000	-0.0000	-1.0000
	0.0000	0.0000	-1.0000
	-0.2807	0.0000	0.9598
	-0.2807	0.0000	0.9598
	1.0000	0.0000	0.0000
	1.0000	0.0000	0.0000
	-1.0000	0.0000	0.0000
	-1.0000	0.0000	0.0000
	0.0000	0.0000	-1.0000
	0.0000	-0.0000	-1.0000
	0.2807	0.0000	0.9598
	0.2807	-0.0000	0.9598
