TEXTURES 1
poster_2.bmp
VERTICES 8
	-28.0354	57.7860	40.7711
	-3.8003	58.2393	38.6508
	-25.0599	59.0714	74.7810
	-0.8249	59.0714	72.6607
	-9.4031	59.0714	39.1410
	-3.3876	59.0714	43.3689
	-8.9903	59.0714	43.8591
	-27.6226	59.0714	45.4892
INDICES 7
2 6 3
0 4 6
6 7 0
5 3 6
2 7 6
1 5 6
4 1 6
TEXCOORDS 8
	0.1771	0.0296	0.0000
	0.8423	0.0328	0.0000
	0.1779	0.9655	0.0000
	0.8417	0.9650	0.0000
	0.6879	0.0335	0.0000
	0.8412	0.1633	0.0000
	0.6877	0.1627	0.0000
	0.1773	0.1633	0.0000
TEXTURE_FACES 7
	2	6	3
	0	4	6
	6	7	0
	5	3	6
	2	7	6
	1	5	6
	4	1	6
NORMALS 7
	0.0000	-0.0000	1.0000
	0.0686	-0.0000	0.9976
	-0.0000	0.2619	0.9651
	0.0000	0.0000	1.0000
	0.0000	0.0000	1.0000
	0.0000	0.1730	0.9849
	-0.1464	0.0000	0.9892
