TEXTURES 1
shelf.bmp
VERTICES 102
	-18.0683	-47.7308	55.6063
	-18.0683	-60.0498	55.6063
	-48.7726	-60.0498	55.6063
	-48.7726	-47.7308	55.6063
	-18.0683	-47.7308	57.0091
	-48.7726	-47.7308	57.0091
	-48.7726	-60.0498	57.0091
	-18.0683	-60.0498	57.0091
	-29.8257	-54.8777	55.6063
	-29.1235	-56.5728	55.6063
	-29.7959	-57.2451	61.9704
	-30.7766	-54.8777	61.9704
	-27.4285	-57.2749	55.6063
	-27.4285	-58.2258	61.9704
	-25.7334	-56.5728	55.6063
	-25.0610	-57.2451	61.9704
	-25.0313	-54.8777	55.6063
	-24.0804	-54.8777	61.9704
	-25.7334	-53.1827	55.6063
	-25.0610	-52.5103	61.9704
	-27.4285	-52.4806	55.6063
	-27.4285	-51.5297	61.9704
	-29.1235	-53.1827	55.6063
	-29.7959	-52.5103	61.9704
	-28.9544	-56.4037	61.9704
	-29.5865	-54.8777	61.9704
	-27.4285	-57.0357	61.9704
	-25.9026	-56.4037	61.9704
	-25.2705	-54.8777	61.9704
	-25.9026	-53.3518	61.9704
	-27.4285	-52.7197	61.9704
	-28.9544	-53.3518	61.9704
	-27.1741	-55.4917	60.4053
	-27.4285	-52.7197	60.4053
	-28.9544	-53.3518	60.4053
	-27.4285	-54.8777	60.4053
	-32.8632	-54.8777	69.9464
	-32.2527	-56.4037	70.1099
	-31.1716	-54.8777	71.9713
	-30.7787	-57.0357	70.5049
	-29.3048	-56.4037	70.8998
	-28.6943	-54.8777	71.0634
	-29.3048	-53.3518	70.8998
	-30.7787	-52.7197	70.5049
	-32.2527	-53.3518	70.1099
	-30.3708	-54.8777	65.2092
	-29.5122	-57.0237	65.4392
	-28.2521	-57.9126	64.8672
	-27.8745	-57.0237	66.1420
	-27.0159	-54.8777	66.3720
	-27.6541	-52.2253	67.5535
	-28.6430	-51.3364	66.3260
	-31.3337	-52.2253	66.2239
	-29.4908	-54.8777	61.7880
	-28.9268	-56.2873	61.9391
	-27.5653	-56.8712	62.3039
	-26.2038	-56.2873	62.6688
	-25.6398	-54.8777	62.8199
	-26.2038	-53.4681	62.6688
	-27.5653	-52.8843	62.3039
	-28.9268	-53.4681	61.9391
	-29.1992	-54.8777	60.6997
	-28.6352	-56.2873	60.8508
	-27.2737	-56.8712	61.2156
	-25.9121	-56.2873	61.5804
	-25.3482	-54.8777	61.7315
	-25.9121	-53.4681	61.5804
	-27.2737	-52.8843	61.2156
	-28.6352	-53.4681	60.8508
	-24.9683	-56.4537	71.8281
	-24.1661	-56.2371	71.2680
	-24.2595	-55.1590	72.4477
	-23.7269	-55.3920	70.9562
	-23.9079	-54.4137	71.0754
	-24.6032	-53.8751	71.5556
	-25.4054	-54.0917	72.1157
	-25.8447	-54.9367	72.4274
	-25.6636	-55.9151	72.3083
	-26.6782	-55.7663	69.1540
	-25.5500	-55.4616	68.3663
	-25.3280	-54.9197	67.5583
	-25.3124	-54.4069	68.3819
	-26.2903	-53.6494	69.0573
	-27.1652	-53.5506	70.6315
	-28.0313	-54.2206	70.5520
	-27.6100	-55.8809	70.7123
	-27.9057	-55.7999	67.3973
	-27.1647	-55.5998	66.8800
	-26.7589	-54.8192	66.5920
	-26.9262	-53.9154	66.7020
	-27.5685	-53.4179	67.1457
	-28.3095	-53.6180	67.6630
	-28.7152	-54.3986	67.9510
	-28.5480	-55.3024	67.8410
	-28.2963	-55.8039	66.8364
	-27.5552	-55.6037	66.3190
	-27.1495	-54.8232	66.0310
	-27.3167	-53.9194	66.1411
	-27.9590	-53.4219	66.5847
	-28.7001	-53.6220	67.1020
	-29.1058	-54.4026	67.3900
	-28.9385	-55.3063	67.2800
INDICES 168
1 2 3
3 0 1
5 6 7
7 4 5
3 5 4
4 0 3
2 6 5
5 3 2
0 4 7
7 1 0
9 10 11
11 8 9
12 13 10
10 9 12
14 15 13
13 12 14
16 17 15
15 14 16
18 19 17
17 16 18
20 21 19
19 18 20
22 23 21
21 20 22
8 11 23
23 22 8
10 24 25
25 11 10
13 26 24
24 10 13
15 27 26
26 13 15
17 28 27
27 15 17
19 29 28
28 17 19
21 30 29
29 19 21
23 31 30
30 21 23
11 25 31
31 23 11
25 24 32
24 26 32
26 27 32
27 28 32
28 29 32
29 30 33
33 32 29
31 34 33
33 30 31
25 32 34
34 31 25
32 33 35
33 34 35
34 32 35
36 37 38
37 39 38
39 40 38
40 41 38
41 42 38
42 43 38
43 44 38
44 36 38
37 36 45
45 46 37
39 37 46
46 47 39
39 47 48
48 40 39
40 48 49
49 41 40
41 49 50
50 42 41
43 42 50
50 51 43
43 51 52
52 44 43
36 44 52
52 45 36
45 53 54
54 46 45
47 46 54
54 55 47
47 55 56
56 48 47
49 48 56
56 57 49
49 57 58
58 50 49
51 50 58
58 59 51
51 59 60
60 52 51
45 52 60
60 53 45
53 61 62
62 54 53
54 62 63
63 55 54
55 63 64
64 56 55
56 64 65
65 57 56
57 65 66
66 58 57
58 66 67
67 59 58
59 67 68
68 60 59
60 68 61
61 53 60
69 70 71
70 72 71
72 73 71
73 74 71
74 75 71
75 76 71
76 77 71
77 69 71
70 69 78
78 79 70
72 70 79
79 80 72
72 80 81
81 73 72
73 81 82
82 74 73
74 82 83
83 75 74
76 75 83
83 84 76
76 84 85
85 77 76
69 77 85
85 78 69
78 86 87
87 79 78
80 79 87
87 88 80
80 88 89
89 81 80
82 81 89
89 90 82
82 90 91
91 83 82
84 83 91
91 92 84
84 92 93
93 85 84
78 85 93
93 86 78
86 94 95
95 87 86
87 95 96
96 88 87
88 96 97
97 89 88
89 97 98
98 90 89
90 98 99
99 91 90
91 99 100
100 92 91
92 100 101
101 93 92
93 101 94
94 86 93
TEXCOORDS 126
	0.7886	0.0910	0.0000
	0.7886	0.0184	0.0000
	0.9695	0.0184	0.0000
	0.9695	0.0910	0.0000
	0.0587	0.0440	0.0000
	0.6645	0.0592	0.0000
	0.6584	0.3022	0.0000
	0.0526	0.2871	0.0000
	0.0569	0.0086	0.0000
	0.6628	0.0238	0.0000
	0.7046	0.0621	0.0000
	0.6985	0.3052	0.0000
	0.0101	0.2818	0.0000
	0.0162	0.0387	0.0000
	0.4460	0.7679	0.0000
	0.5018	0.7516	0.0000
	0.5696	0.9438	0.0000
	0.4917	0.9665	0.0000
	0.5554	0.7292	0.0000
	0.6445	0.9125	0.0000
	0.1060	0.7292	0.0000
	0.1596	0.7516	0.0000
	0.0917	0.9438	0.0000
	0.0168	0.9125	0.0000
	0.2154	0.7679	0.0000
	0.1697	0.9665	0.0000
	0.2727	0.7777	0.0000
	0.2497	0.9802	0.0000
	0.3307	0.7810	0.0000
	0.3307	0.9848	0.0000
	0.3887	0.7777	0.0000
	0.4117	0.9802	0.0000
	0.9872	0.2794	0.0000
	0.9609	0.3687	0.0000
	0.9251	0.3383	0.0000
	0.9442	0.2811	0.0000
	0.8675	0.4225	0.0000
	0.8668	0.3665	0.0000
	0.7730	0.3704	0.0000
	0.8091	0.3389	0.0000
	0.7438	0.2797	0.0000
	0.7882	0.2811	0.0000
	0.7790	0.1952	0.0000
	0.8127	0.2270	0.0000
	0.8675	0.1452	0.0000
	0.8675	0.1977	0.0000
	0.9532	0.1982	0.0000
	0.9188	0.2287	0.0000
	0.8615	0.2928	0.0000
	0.8685	0.2291	0.0000
	0.8912	0.2389	0.0000
	0.8665	0.2747	0.0000
	0.3910	0.6508	0.0000
	0.4162	0.6778	0.0000
	0.3319	0.7002	0.0000
	0.4401	0.7204	0.0000
	0.2197	0.7298	0.0000
	0.2409	0.6781	0.0000
	0.2685	0.6475	0.0000
	0.2991	0.6299	0.0000
	0.3319	0.6253	0.0000
	0.3632	0.6327	0.0000
	0.4614	0.5168	0.0000
	0.5464	0.5456	0.0000
	0.6254	0.5303	0.0000
	0.0404	0.5303	0.0000
	0.1148	0.5462	0.0000
	0.1978	0.5155	0.0000
	0.2819	0.5359	0.0000
	0.3177	0.5122	0.0000
	0.3806	0.5376	0.0000
	0.4742	0.3832	0.0000
	0.5439	0.3892	0.0000
	0.6162	0.3945	0.0000
	0.0504	0.3958	0.0000
	0.1206	0.3835	0.0000
	0.1914	0.3767	0.0000
	0.2615	0.3754	0.0000
	0.3329	0.3797	0.0000
	0.4038	0.3848	0.0000
	0.4762	0.3320	0.0000
	0.5475	0.3363	0.0000
	0.6198	0.3411	0.0000
	0.0417	0.3424	0.0000
	0.1142	0.3307	0.0000
	0.1884	0.3236	0.0000
	0.2625	0.3226	0.0000
	0.3355	0.3269	0.0000
	0.4058	0.3317	0.0000
	0.7075	0.7702	0.0000
	0.6845	0.7917	0.0000
	0.6655	0.7200	0.0000
	0.6483	0.8119	0.0000
	0.6403	0.6246	0.0000
	0.6843	0.6427	0.0000
	0.7103	0.6661	0.0000
	0.7252	0.6921	0.0000
	0.7291	0.7200	0.0000
	0.7229	0.7466	0.0000
	0.8214	0.8301	0.0000
	0.7968	0.9023	0.0000
	0.8099	0.9694	0.0000
	0.8099	0.4722	0.0000
	0.7963	0.5355	0.0000
	0.8224	0.6060	0.0000
	0.8051	0.6775	0.0000
	0.8252	0.7079	0.0000
	0.8036	0.7613	0.0000
	0.9348	0.8409	0.0000
	0.9298	0.9001	0.0000
	0.9253	0.9616	0.0000
	0.9241	0.4808	0.0000
	0.9346	0.5404	0.0000
	0.9404	0.6006	0.0000
	0.9415	0.6602	0.0000
	0.9378	0.7209	0.0000
	0.9335	0.7811	0.0000
	0.9784	0.8426	0.0000
	0.9747	0.9032	0.0000
	0.9706	0.9646	0.0000
	0.9696	0.4734	0.0000
	0.9795	0.5350	0.0000
	0.9855	0.5980	0.0000
	0.9864	0.6610	0.0000
	0.9827	0.7231	0.0000
	0.9787	0.7827	0.0000
TEXTURE_FACES 168
	1	2	3
	3	0	1
	5	6	7
	7	4	5
	9	5	4
	4	8	9
	11	6	5
	5	10	11
	13	4	7
	7	12	13
	15	16	17
	17	14	15
	18	19	16
	16	15	18
	21	22	23
	23	20	21
	24	25	22
	22	21	24
	26	27	25
	25	24	26
	28	29	27
	27	26	28
	30	31	29
	29	28	30
	14	17	31
	31	30	14
	33	34	35
	35	32	33
	36	37	34
	34	33	36
	38	39	37
	37	36	38
	40	41	39
	39	38	40
	42	43	41
	41	40	42
	44	45	43
	43	42	44
	46	47	45
	45	44	46
	32	35	47
	47	46	32
	35	34	48
	34	37	48
	37	39	48
	39	41	48
	41	43	48
	43	45	49
	49	48	43
	47	50	49
	49	45	47
	35	48	50
	50	47	35
	48	49	51
	49	50	51
	50	48	51
	52	53	54
	53	55	54
	56	57	54
	57	58	54
	58	59	54
	59	60	54
	60	61	54
	61	52	54
	53	52	62
	62	63	53
	55	53	63
	63	64	55
	56	65	66
	66	57	56
	57	66	67
	67	58	57
	58	67	68
	68	59	58
	60	59	68
	68	69	60
	60	69	70
	70	61	60
	52	61	70
	70	62	52
	62	71	72
	72	63	62
	64	63	72
	72	73	64
	65	74	75
	75	66	65
	67	66	75
	75	76	67
	67	76	77
	77	68	67
	69	68	77
	77	78	69
	69	78	79
	79	70	69
	62	70	79
	79	71	62
	71	80	81
	81	72	71
	72	81	82
	82	73	72
	74	83	84
	84	75	74
	75	84	85
	85	76	75
	76	85	86
	86	77	76
	77	86	87
	87	78	77
	78	87	88
	88	79	78
	79	88	80
	80	71	79
	89	90	91
	90	92	91
	93	94	91
	94	95	91
	95	96	91
	96	97	91
	97	98	91
	98	89	91
	90	89	99
	99	100	90
	92	90	100
	100	101	92
	93	102	103
	103	94	93
	94	103	104
	104	95	94
	95	104	105
	105	96	95
	97	96	105
	105	106	97
	97	106	107
	107	98	97
	89	98	107
	107	99	89
	99	108	109
	109	100	99
	101	100	109
	109	110	101
	102	111	112
	112	103	102
	104	103	112
	112	113	104
	104	113	114
	114	105	104
	106	105	114
	114	115	106
	106	115	116
	116	107	106
	99	107	116
	116	108	99
	108	117	118
	118	109	108
	109	118	119
	119	110	109
	111	120	121
	121	112	111
	112	121	122
	122	113	112
	113	122	123
	123	114	113
	114	123	124
	124	115	114
	115	124	125
	125	116	115
	116	125	117
	117	108	116
NORMALS 168
	-0.0000	-0.0000	-1.0000
	0.0000	0.0000	-1.0000
	0.0000	0.0000	1.0000
	0.0000	0.0000	1.0000
	-0.0000	-1.0000	-0.0000
	0.0000	-1.0000	0.0000
	1.0000	0.0000	0.0000
	1.0000	0.0000	0.0000
	-1.0000	0.0000	0.0000
	-1.0000	0.0000	0.0000
	0.9152	0.3791	-0.1367
	0.9152	0.3791	-0.1367
	0.3791	0.9152	-0.1367
	0.3791	0.9152	-0.1367
	-0.3791	0.9152	-0.1367
	-0.3791	0.9152	-0.1367
	-0.9152	0.3791	-0.1367
	-0.9152	0.3791	-0.1367
	-0.9152	-0.3791	-0.1367
	-0.9152	-0.3791	-0.1367
	-0.3791	-0.9152	-0.1367
	-0.3791	-0.9152	-0.1367
	0.3791	-0.9152	-0.1367
	0.3791	-0.9152	-0.1367
	0.9152	-0.3791	-0.1367
	0.9152	-0.3791	-0.1367
	-0.0000	0.0000	1.0000
	0.0000	0.0000	1.0000
	-0.0000	0.0000	1.0000
	0.0000	0.0000	1.0000
	0.0000	-0.0000	1.0000
	0.0000	0.0000	1.0000
	0.0000	-0.0000	1.0000
	0.0000	0.0000	1.0000
	0.0000	0.0000	1.0000
	-0.0000	0.0000	1.0000
	0.0000	0.0000	1.0000
	-0.0000	0.0000	1.0000
	0.0000	0.0000	1.0000
	0.0000	-0.0000	1.0000
	-0.0000	0.0000	1.0000
	0.0000	-0.0000	1.0000
	-0.5705	-0.2363	0.7866
	-0.2742	-0.6620	0.6976
	0.2917	-0.7042	0.6473
	0.6620	-0.2742	0.6976
	0.5705	0.2363	0.7866
	0.3827	0.9239	0.0000
	0.7278	0.0668	0.6826
	-0.3827	0.9239	0.0000
	-0.3827	0.9239	0.0000
	-0.5618	-0.4674	0.6826
	-0.9239	0.3827	0.0000
	0.0000	-0.0000	1.0000
	0.0000	0.0000	1.0000
	0.0000	0.0000	1.0000
	0.7465	0.2318	0.6236
	0.4298	0.5597	0.7085
	-0.0180	0.5597	0.8285
	-0.3347	0.2318	0.9134
	-0.3347	-0.2318	0.9134
	-0.0180	-0.5597	0.8285
	0.4299	-0.5597	0.7085
	0.7465	-0.2318	0.6236
	0.8206	0.3746	-0.4317
	0.8206	0.3746	-0.4317
	0.3707	0.9239	-0.0949
	0.6156	0.7725	-0.1557
	-0.5483	0.7534	0.3629
	-0.3341	0.9165	0.2199
	-0.8703	0.3816	0.3114
	-0.8703	0.3816	0.3114
	-0.9388	-0.0763	0.3359
	-0.7796	-0.3664	0.5079
	-0.2600	-0.8691	0.4208
	-0.2596	-0.8694	0.4205
	0.3153	-0.9372	0.1491
	0.4246	-0.8915	0.1580
	0.9190	-0.3792	-0.1074
	0.8761	0.1417	-0.4609
	0.8948	0.3827	-0.2302
	0.8948	0.3827	-0.2302
	0.6326	0.7298	-0.2593
	0.2593	0.8685	-0.4224
	-0.4357	0.8685	-0.2361
	-0.7412	0.6335	0.2222
	-0.8622	0.3808	0.3340
	-0.8622	0.3808	0.3340
	-0.8622	-0.3808	0.3340
	-0.9598	-0.1173	0.2551
	-0.6638	-0.7479	0.0068
	-0.4337	-0.8738	-0.2201
	0.2655	-0.8738	-0.4074
	0.2727	-0.8722	-0.4062
	0.8800	0.1466	-0.4518
	0.8948	-0.3827	-0.2302
	0.8924	0.3827	-0.2391
	0.8924	0.3827	-0.2391
	0.3697	0.9239	-0.0990
	0.3697	0.9239	-0.0991
	-0.3697	0.9239	0.0991
	-0.3697	0.9239	0.0990
	-0.8924	0.3827	0.2391
	-0.8924	0.3827	0.2391
	-0.8924	-0.3827	0.2391
	-0.8924	-0.3827	0.2391
	-0.3696	-0.9239	0.0990
	-0.3696	-0.9239	0.0990
	0.3696	-0.9239	-0.0990
	0.3696	-0.9239	-0.0990
	0.8924	-0.3827	-0.2391
	0.8924	-0.3827	-0.2391
	-0.5640	0.5869	0.5809
	-0.8749	0.3210	0.3626
	-0.9396	-0.1356	0.3143
	-0.7201	-0.5155	0.4644
	-0.3451	-0.5961	0.7250
	-0.0342	-0.3302	0.9433
	0.0304	0.1263	0.9915
	-0.1890	0.5062	0.8414
	-0.0599	0.9569	-0.2843
	-0.0599	0.9569	-0.2843
	-0.6963	0.5374	-0.4757
	-0.5413	0.7596	-0.3607
	-0.8155	-0.4843	-0.3169
	-0.8661	-0.2152	-0.4511
	-0.4802	-0.8413	-0.2483
	-0.4802	-0.8413	-0.2483
	-0.1234	-0.9923	0.0063
	0.0080	-0.9364	0.3509
	0.4589	-0.5076	0.7292
	0.4593	-0.5072	0.7292
	0.6661	0.0976	0.7394
	0.6225	0.2071	0.7547
	0.3577	0.8349	0.4184
	0.1448	0.9767	-0.1585
	-0.1860	0.9762	-0.1113
	-0.1860	0.9762	-0.1113
	-0.4461	0.7952	-0.4107
	-0.4575	0.5073	-0.7303
	-0.5579	-0.2013	-0.8052
	-0.6332	-0.6516	-0.4177
	-0.4930	-0.8396	-0.2279
	-0.4930	-0.8397	-0.2279
	0.1230	-0.9721	0.1999
	-0.0425	-0.9983	-0.0390
	0.6096	-0.7622	0.2177
	0.8418	-0.5064	0.1867
	0.9427	0.2063	0.2620
	0.9406	0.2131	0.2643
	0.1354	0.9789	-0.1530
	0.4330	0.8432	0.3187
	-0.1807	0.9763	-0.1189
	-0.1807	0.9763	-0.1189
	-0.6939	0.5375	-0.4792
	-0.6938	0.5375	-0.4793
	-0.8006	-0.2162	-0.5589
	-0.8006	-0.2162	-0.5589
	-0.4383	-0.8432	-0.3112
	-0.4383	-0.8433	-0.3111
	0.1807	-0.9763	0.1189
	0.1807	-0.9763	0.1189
	0.6938	-0.5375	0.4792
	0.6938	-0.5375	0.4793
	0.8005	0.2163	0.5589
	0.8006	0.2162	0.5589
	0.4383	0.8433	0.3111
	0.4383	0.8433	0.3111
